1000
21 61 42
75 68 11
3 8 88
67 58 20
25 40 82
85 9 98
17 36 76
17 73 94
17 46 54
48 69 67
17 75 28
31 10 68
49 48 55
90 37 82
98 96 13
86 33 83
49 79 11
3 96 47
32 60 75
20 24 95
57 66 7
51 36 99
14 65 87
36 98 27
93 73 87
1 94 5
45 4 63
48 77 79
31 30 58
32 46 61
91 24 30
13 35 36
79 12 10
83 12 56
40 58 61
83 56 97
66 98 21
55 94 1
9 67 78
54 99 95
38 6 39
46 26 68
96 33 27
58 36 22
78 84 95
8 64 34
54 13 86
14 72 37
53 5 47
40 76 92
93 6 84
84 90 1
90 93 62
28 88 81
57 71 100
22 41 17
48 16 37
7 21 17
50 65 61
14 30 25
43 82 18
67 23 25
75 97 59
68 76 65
5 77 3
43 86 20
60 98 27
60 81 83
11 5 82
4 42 74
43 97 35
65 34 26
3 83 27
45 19 56
27 61 19
71 35 27
24 1 68
32 94 82
37 59 59
97 16 13
91 10 23
22 61 99
12 55 55
20 46 23
73 6 68
3 31 48
28 13 37
16 15 64
2 100 54
87 70 20
14 59 83
6 27 73
69 74 98
91 2 11
75 52 73
87 28 17
55 94 27
62 46 8
57 58 89
73 93 3
47 68 48
33 84 61
72 45 65
5 85 97
78 31 43
35 72 76
5 74 9
81 3 94
2 77 57
34 16 89
73 60 73
19 7 99
8 58 1
3 40 45
79 67 41
6 45 79
38 15 17
76 58 19
80 32 67
78 12 26
28 89 30
53 77 48
88 56 9
68 23 92
37 77 96
35 97 48
64 38 29
91 54 60
89 8 11
65 91 93
30 25 5
19 77 72
55 94 47
38 13 28
61 6 25
44 62 13
58 91 89
34 78 66
100 31 11
33 29 79
4 17 11
2 72 59
8 92 17
51 82 15
13 64 55
80 74 70
28 44 77
4 8 40
57 64 92
59 72 79
5 92 68
99 99 99
36 54 38
56 22 38
71 8 8
15 73 20
55 4 97
17 8 18
32 15 55
36 4 21
90 76 61
54 69 77
11 78 3
2 48 25
0 54 4
48 19 14
79 6 30
70 87 37
23 21 97
59 75 32
16 66 92
55 2 71
70 93 6
35 8 16
75 37 68
26 26 94
23 5 33
94 30 1
2 98 62
71 75 75
53 100 79
68 88 23
51 32 31
44 95 98
68 94 26
57 48 78
53 22 1
61 30 32
32 14 83
30 5 25
79 40 83
91 41 56
91 61 19
84 40 70
82 86 16
24 26 19
35 22 38
35 29 87
100 47 93
53 85 73
29 37 5
9 10 84
73 100 14
3 66 73
0 42 24
49 60 88
99 70 27
38 10 22
47 53 21
37 92 57
17 6 40
7 25 48
89 42 1
45 83 96
84 1 80
20 11 46
38 4 1
53 97 9
72 98 89
83 77 98
61 95 87
82 89 7
100 1 1
79 46 84
7 78 53
13 62 69
24 8 15
19 15 33
77 88 1
85 73 70
94 20 21
14 81 78
51 46 69
34 67 6
69 3 81
48 64 69
84 95 42
20 60 5
50 42 68
93 94 28
54 53 91
96 23 25
37 29 63
92 38 94
77 31 9
56 65 95
25 68 86
95 11 94
67 45 63
33 60 68
85 85 71
77 75 10
100 89 76
0 27 62
33 55 85
84 90 42
32 47 87
47 12 95
75 9 23
84 79 64
42 73 40
66 26 38
11 97 8
0 55 55
35 43 32
60 5 38
62 17 11
35 68 35
63 47 47
4 45 66
5 4 81
18 75 3
39 62 18
49 11 58
52 23 15
17 31 57
56 6 32
69 62 92
99 61 22
74 24 4
27 86 68
22 15 99
40 31 94
86 92 88
2 20 12
84 63 23
29 71 99
5 97 10
84 93 54
56 87 92
45 24 72
100 98 41
19 61 77
73 67 79
75 56 53
46 100 80
44 19 7
3 75 98
31 57 62
89 80 24
24 24 77
68 47 78
95 95 17
52 60 75
19 53 6
79 37 2
97 96 54
79 94 60
49 34 10
67 12 75
49 18 95
88 64 68
31 46 91
97 82 93
8 44 91
1 45 6
47 88 70
4 87 25
46 83 61
98 23 27
66 96 69
26 63 84
25 85 66
33 18 17
60 100 78
61 34 14
79 13 6
100 87 47
30 9 85
25 43 2
1 23 28
72 36 27
67 14 93
19 32 19
37 3 58
65 39 45
53 48 15
73 29 39
42 63 85
66 30 100
77 83 32
34 29 29
97 14 17
33 20 79
41 88 72
61 55 7
21 17 22
92 82 14
71 75 25
20 56 69
54 72 3
98 87 25
50 45 96
54 36 40
55 65 61
80 53 38
1 42 57
75 12 4
12 100 82
46 4 73
13 55 55
73 94 6
29 16 45
54 73 68
96 2 72
21 60 67
24 64 84
15 40 98
74 35 91
58 18 38
87 66 72
47 39 84
53 48 96
46 69 58
17 55 29
10 33 56
51 22 21
64 85 30
32 68 96
59 60 85
16 12 2
34 68 35
12 8 16
35 57 4
57 38 52
25 74 22
22 34 52
17 32 44
10 55 27
18 22 25
19 54 59
12 7 78
96 74 56
98 83 39
28 9 52
1 12 64
61 65 100
78 56 13
32 27 27
53 92 12
3 98 22
19 67 40
85 12 5
81 88 84
59 30 79
77 28 9
2 67 55
21 99 3
17 69 21
25 60 20
83 89 31
2 59 23
74 13 7
27 65 77
86 7 52
43 44 59
91 35 47
0 57 27
93 61 47
63 97 5
28 11 21
41 58 27
80 22 42
63 74 95
94 7 87
20 62 88
72 53 57
14 10 10
4 1 83
26 4 85
41 5 75
19 59 93
16 86 46
44 7 12
67 19 16
87 47 83
42 58 87
9 76 39
79 100 64
63 18 95
82 32 14
63 42 23
1 69 27
91 59 33
23 66 83
47 27 8
98 100 65
48 59 23
78 100 69
33 17 14
29 25 59
59 82 94
55 99 81
90 48 65
34 15 71
29 2 60
96 44 13
51 34 61
47 92 81
84 98 25
57 75 18
2 42 20
31 83 25
78 71 68
96 55 72
0 89 69
2 64 93
15 90 92
49 22 17
50 66 61
97 81 53
28 16 5
57 53 73
43 47 33
41 31 52
72 82 11
86 41 9
6 12 13
95 61 13
99 26 64
81 69 83
20 56 46
7 52 70
100 26 16
94 30 67
46 59 25
6 57 10
62 18 5
47 85 3
26 20 90
87 15 84
72 21 28
86 98 75
52 29 5
10 9 17
48 21 33
14 19 22
5 20 37
97 40 45
7 83 47
51 16 84
0 2 42
57 98 14
54 28 35
80 2 41
55 93 15
74 77 38
37 17 62
98 80 87
7 72 10
22 64 65
21 52 78
82 79 96
78 28 15
87 63 16
16 96 54
55 71 46
76 10 62
43 30 26
58 86 97
82 2 69
34 9 32
51 39 32
19 71 93
23 7 3
86 82 81
86 23 47
0 20 25
79 31 94
10 55 4
43 58 83
39 39 55
99 95 91
91 2 12
45 94 28
4 80 61
45 38 11
74 92 31
78 12 41
34 27 91
95 21 59
47 52 75
94 24 53
99 13 4
80 94 17
90 98 72
39 68 98
93 8 68
93 68 55
91 74 34
20 18 1
70 25 2
74 32 14
73 66 59
13 64 42
72 69 8
84 58 56
17 37 79
82 55 91
1 52 5
25 63 58
15 72 4
21 63 84
95 23 15
47 66 68
36 64 15
26 2 42
82 94 57
69 77 100
16 46 80
25 23 43
77 18 99
100 89 79
20 41 6
63 53 74
99 58 92
38 31 43
19 90 69
52 68 7
32 38 20
59 22 76
25 69 7
65 18 82
83 45 78
94 11 37
18 18 95
76 21 60
27 6 1
74 86 67
79 87 63
37 33 18
35 55 63
56 83 72
74 9 58
28 1 34
65 70 12
52 71 98
15 14 85
4 99 54
27 5 38
39 85 37
45 58 33
1 7 59
23 79 47
18 57 73
23 24 41
33 35 34
95 20 58
57 92 78
55 47 53
74 73 98
100 61 33
24 84 57
59 43 87
10 34 82
31 90 6
35 73 75
95 88 7
10 5 43
50 36 93
67 60 11
11 73 54
58 20 22
10 67 92
83 15 78
99 8 69
63 75 34
64 88 26
54 84 33
0 53 42
72 17 12
46 54 18
91 10 57
75 69 6
5 21 40
100 66 13
95 53 33
57 76 73
60 2 68
4 11 83
8 47 90
8 88 1
38 4 40
69 18 21
50 58 100
78 13 34
6 56 93
34 14 7
98 39 27
46 13 67
52 37 89
83 21 71
59 19 85
64 76 28
84 53 47
30 15 68
98 55 70
27 39 58
86 89 75
82 47 46
25 47 39
71 28 11
13 21 19
20 2 14
6 10 20
15 74 4
68 6 13
21 26 87
88 55 34
79 26 26
100 27 67
35 45 55
66 16 67
34 66 96
74 76 22
4 64 27
35 35 60
68 82 88
28 12 87
54 84 77
12 24 3
1 54 73
13 46 10
23 17 75
8 87 8
7 34 65
15 87 67
44 35 57
100 54 94
11 83 30
61 11 61
33 61 4
84 58 8
68 55 29
30 29 57
12 3 26
44 26 6
98 41 60
23 34 79
45 70 62
39 42 75
65 88 97
57 27 68
21 6 39
58 90 100
7 29 86
2 32 95
65 89 98
52 91 16
12 72 15
36 12 28
41 26 27
51 16 83
76 82 99
98 69 74
52 36 12
16 86 48
17 79 13
13 15 91
52 90 42
78 23 25
76 27 10
67 1 56
75 33 74
29 11 42
43 81 99
79 48 76
93 5 46
7 52 33
88 98 52
66 89 30
76 86 17
95 33 26
0 33 60
28 95 98
79 6 20
76 77 73
16 81 80
67 10 77
52 72 19
22 28 37
79 20 6
28 74 83
86 54 55
62 48 83
99 70 86
95 62 96
39 5 87
48 100 7
87 21 91
75 71 84
12 59 63
1 87 21
80 33 25
100 33 89
61 38 36
95 11 94
69 39 59
9 72 95
20 60 75
54 12 86
77 75 53
25 93 2
56 35 42
12 88 91
3 89 85
99 92 73
60 38 13
28 43 83
84 74 99
69 96 28
42 4 54
2 76 15
83 77 15
67 43 20
13 68 39
73 91 41
5 47 9
95 92 84
68 45 5
36 32 85
99 77 4
32 96 39
77 91 2
38 86 11
54 93 10
8 31 78
66 75 25
75 55 81
89 48 41
56 30 6
39 68 89
35 87 31
95 59 36
34 29 37
54 18 72
96 31 25
60 86 100
13 47 81
47 8 15
37 87 64
86 25 64
71 86 34
4 78 15
16 93 89
41 97 68
35 62 33
7 55 65
63 38 11
27 63 72
1 87 71
28 62 38
4 86 31
83 41 63
35 81 8
63 43 23
68 13 87
80 66 44
25 12 74
37 43 86
23 89 93
17 78 67
3 22 39
90 69 60
44 4 23
95 44 79
15 29 66
68 88 5
16 58 42
25 55 35
65 77 76
87 81 48
51 9 46
75 40 70
62 24 38
2 9 3
83 83 38
7 29 92
67 7 97
98 38 32
46 65 73
31 80 31
21 66 14
52 79 95
81 64 71
12 9 17
2 93 86
76 47 70
77 89 85
85 86 56
10 37 85
3 82 67
40 9 35
60 57 42
38 18 74
86 14 22
7 54 41
71 87 7
80 15 95
5 66 37
51 57 31
78 21 43
73 7 6
10 86 69
87 20 40
13 15 75
52 58 41
66 68 37
11 45 87
75 23 60
47 74 14
30 44 90
0 68 90
40 32 40
96 46 9
60 52 78
14 89 2
53 66 72
85 55 91
3 19 75
100 17 30
7 13 7
69 96 3
80 80 99
13 42 34
67 89 59
100 18 7
41 98 74
99 10 38
83 39 80
51 76 26
8 2 87
88 17 100
5 47 66
37 62 67
97 58 73
84 70 75
39 12 84
82 56 91
69 91 72
82 98 10
38 18 100
93 62 88
68 23 60
93 24 72
42 25 39
64 81 11
6 90 18
46 13 17
45 58 69
83 98 82
61 56 2
20 39 43
89 11 13
37 73 10
30 94 18
91 96 80
65 48 46
5 5 86
61 71 58
62 57 13
82 93 96
64 82 82
50 22 39
38 100 15
15 81 62
61 89 91
100 97 2
24 60 67
58 85 42
84 18 41
28 58 46
55 84 13
55 58 79
19 57 99
2 47 93
88 58 41
41 9 44
83 88 33
70 15 34
44 5 97
74 83 52
99 3 95
4 92 13
80 78 67
52 22 97
31 32 20
0 39 48
49 78 52
48 86 21
6 97 77
38 3 52
44 65 58
89 99 82
80 46 30
89 84 47
8 34 45
85 2 99
88 45 37
77 46 25
98 22 42
6 90 7
66 69 9
24 29 11
72 84 72
89 48 39
92 7 98
94 73 33
100 84 31
55 36 81
0 34 29
94 6 97
97 44 60
7 84 93
97 48 53
62 46 1
87 5 14
67 95 83
85 13 84
57 59 38
97 61 94
19 80 12
4 47 5
33 58 9
68 85 59
28 37 95
20 71 63
34 26 6
25 24 95
31 8 81
26 91 40
55 55 17
13 62 100
13 82 4
34 21 80
13 69 20
79 29 41
1 90 31
79 74 13
27 81 7
